CBEAM     300001     102    6180    61770.      0.      1.      
                        0.      0.      0.      0.      0.      0.      
CBEAM     300002     102    6177    61570.      0.      1.      
                        0.      0.      0.      0.      0.      0.      
CBEAM     300003     102    6157    61370.      0.      1.      
                        0.      0.      0.      0.      0.      0.      
CBEAM     300004     102    6137    61160.      0.      1.      
                        0.      0.      0.      0.      0.      0.      
CBEAM     300005     102    6116    60950.      0.      1.      
                        0.      0.      0.      0.      0.      0.      
CBEAM     300006     102    6095    60740.      0.      1.      
                        0.      0.      0.      0.      0.      0.      
CBEAM     300007     102    6074    60530.      0.      1.      
                        0.      0.      0.      0.      0.      0.      
CBEAM     300008     102    6053    60320.      0.      1.      
                        0.      0.      0.      0.      0.      0.      
CBEAM     300009     102    6032    60110.      0.      1.      
                        0.      0.      0.      0.      0.      0.      
CBEAM     300010     102    6011    59900.      0.      1.      
                        0.      0.      0.      0.      0.      0.      
CBEAM     300011     102    5990    59690.      0.      1.      
                        0.      0.      0.      0.      0.      0.      
CBEAM     300012     102    5969    59480.      0.      1.      
                        0.      0.      0.      0.      0.      0.      
CBEAM     300013     102    5948    59270.      0.      1.      
                        0.      0.      0.      0.      0.      0.      
CBEAM     300014     102    5927    59060.      0.      1.      
                        0.      0.      0.      0.      0.      0.      
CBEAM     300015     102    5906    58850.      0.      1.      
                        0.      0.      0.      0.      0.      0.      
CBEAM     300016     102    5885    58640.      0.      1.      
                        0.      0.      0.      0.      0.      0.      
CBEAM     300017     102    5864    58430.      0.      1.      
                        0.      0.      0.      0.      0.      0.      
CBEAM     300018     102    5843    58220.      0.      1.      
                        0.      0.      0.      0.      0.      0.      
CBEAM     300019     102    5822    58010.      0.      1.      
                        0.      0.      0.      0.      0.      0.      
CBEAM     300020     102    5801    55010.      0.      1.      
                        0.      0.      0.      0.      0.      0.      
CBEAM     300021     102    5501    55140.      0.      1.      
                        0.      0.      0.      0.      0.      0.      
CBEAM     300022     102    5514    55270.      0.      1.      
                        0.      0.      0.      0.      0.      0.      
CBEAM     300023     102    5527    55400.      0.      1.      
                        0.      0.      0.      0.      0.      0.      
CBEAM     300024     102    5540    55530.      0.      1.      
                        0.      0.      0.      0.      0.      0.      
CBEAM     300025     102    5553    55660.      0.      1.      
                        0.      0.      0.      0.      0.      0.      
CBEAM     300026     102    5566    55790.      0.      1.      
                        0.      0.      0.      0.      0.      0.      
CBEAM     300027     102    5579    55920.      0.      1.      
                        0.      0.      0.      0.      0.      0.      
CBEAM     300028     102    5592    56050.      0.      1.      
                        0.      0.      0.      0.      0.      0.      
CBEAM     300029     102    5605    56180.      0.      1.      
                        0.      0.      0.      0.      0.      0.      
CBEAM     300030     102    5618    56310.      0.      1.      
                        0.      0.      0.      0.      0.      0.      
CBEAM     300031     102    5631    56440.      0.      1.      
                        0.      0.      0.      0.      0.      0.      
CBEAM     300032     102    5644    56570.      0.      1.      
                        0.      0.      0.      0.      0.      0.      
CBEAM     300033     102    5657    56700.      0.      1.      
                        0.      0.      0.      0.      0.      0.      
CBEAM     300034     102    5670    56830.      0.      1.      
                        0.      0.      0.      0.      0.      0.      
CBEAM     300035     102    5683    56960.      0.      1.      
                        0.      0.      0.      0.      0.      0.      
CBEAM     300036     102    5696    57090.      0.      1.      
                        0.      0.      0.      0.      0.      0.      
CBEAM     300037     102    5709    57220.      0.      1.      
                        0.      0.      0.      0.      0.      0.      
CBEAM     300038     102    5722    57350.      0.      1.      
                        0.      0.      0.      0.      0.      0.      
CBEAM     300039     102    5735    57480.      0.      1.      
                        0.      0.      0.      0.      0.      0.      
CBEAM     300040     102    5748    22810.      0.      1.      
                        0.      0.      0.      0.      0.      0.      
CBEAM     300041     102    2281    22680.      0.      1.      
                        0.      0.      0.      0.      0.      0.      
CBEAM     300042     102    2268    22550.      0.      1.      
                        0.      0.      0.      0.      0.      0.      
CBEAM     300043     102    2255    22420.      0.      1.      
                        0.      0.      0.      0.      0.      0.      
CBEAM     300044     102    2242    22290.      0.      1.      
                        0.      0.      0.      0.      0.      0.      
CBEAM     300045     102    2229    22160.      0.      1.      
                        0.      0.      0.      0.      0.      0.      
CBEAM     300046     102    2216    22030.      0.      1.      
                        0.      0.      0.      0.      0.      0.      
CBEAM     300047     102    2203    21900.      0.      1.      
                        0.      0.      0.      0.      0.      0.      
CBEAM     300048     102    2190    21770.      0.      1.      
                        0.      0.      0.      0.      0.      0.      
CBEAM     300049     102    2177    21640.      0.      1.      
                        0.      0.      0.      0.      0.      0.      
CBEAM     300050     102    2164    21510.      0.      1.      
                        0.      0.      0.      0.      0.      0.      
CBEAM     300051     102    2151    21380.      0.      1.      
                        0.      0.      0.      0.      0.      0.      
CBEAM     300052     102    2138    21250.      0.      1.      
                        0.      0.      0.      0.      0.      0.      
CBEAM     300053     102    2125    21120.      0.      1.      
                        0.      0.      0.      0.      0.      0.      
CBEAM     300054     102    2112    20990.      0.      1.      
                        0.      0.      0.      0.      0.      0.      
CBEAM     300055     102    2099    20860.      0.      1.      
                        0.      0.      0.      0.      0.      0.      
CBEAM     300056     102    2086    20730.      0.      1.      
                        0.      0.      0.      0.      0.      0.      
CBEAM     300057     102    2073    20600.      0.      1.      
                        0.      0.      0.      0.      0.      0.      
CBEAM     300058     102    2060    20470.      0.      1.      
                        0.      0.      0.      0.      0.      0.      
CBEAM     300059     102    2047    20340.      0.      1.      
                        0.      0.      0.      0.      0.      0.      
CBEAM     300060     102    2034    20210.      0.      1.      
                        0.      0.      0.      0.      0.      0.      
CBEAM     300061     102    2021    23340.      0.      1.      
                        0.      0.      0.      0.      0.      0.      
CBEAM     300062     102    2334    23550.      0.      1.      
                        0.      0.      0.      0.      0.      0.      
CBEAM     300063     102    2355    23760.      0.      1.      
                        0.      0.      0.      0.      0.      0.      
CBEAM     300064     102    2376    23970.      0.      1.      
                        0.      0.      0.      0.      0.      0.      
CBEAM     300065     102    2397    24180.      0.      1.      
                        0.      0.      0.      0.      0.      0.      
CBEAM     300066     102    2418    24390.      0.      1.      
                        0.      0.      0.      0.      0.      0.      
CBEAM     300067     102    2439    24600.      0.      1.      
                        0.      0.      0.      0.      0.      0.      
CBEAM     300068     102    2460    24810.      0.      1.      
                        0.      0.      0.      0.      0.      0.      
CBEAM     300069     102    2481    25020.      0.      1.      
                        0.      0.      0.      0.      0.      0.      
CBEAM     300070     102    2502    25230.      0.      1.      
                        0.      0.      0.      0.      0.      0.      
CBEAM     300071     102    2523    25440.      0.      1.      
                        0.      0.      0.      0.      0.      0.      
CBEAM     300072     102    2544    25650.      0.      1.      
                        0.      0.      0.      0.      0.      0.      
CBEAM     300073     102    2565    25860.      0.      1.      
                        0.      0.      0.      0.      0.      0.      
CBEAM     300074     102    2586    26070.      0.      1.      
                        0.      0.      0.      0.      0.      0.      
CBEAM     300075     102    2607    26280.      0.      1.      
                        0.      0.      0.      0.      0.      0.      
CBEAM     300076     102    2628    26490.      0.      1.      
                        0.      0.      0.      0.      0.      0.      
CBEAM     300077     102    2649    26700.      0.      1.      
                        0.      0.      0.      0.      0.      0.      
CBEAM     300078     102    2670    26900.      0.      1.      
                        0.      0.      0.      0.      0.      0.      
CBEAM     300079     102    2690    27100.      0.      1.      
                        0.      0.      0.      0.      0.      0.      
CBEAM     300080     102    2710    27130.      0.      1.      
                        0.      0.      0.      0.      0.      0.      
