CBEAM     100001     101    5780    57790.      0.      1.      
                        0.      0.      0.      0.      0.      0.      
CBEAM     100002     101    5779    57780.      0.      1.      
                        0.      0.      0.      0.      0.      0.      
CBEAM     100003     101    5778    57770.      0.      1.      
                        0.      0.      0.      0.      0.      0.      
CBEAM     100004     101    5777    57760.      0.      1.      
                        0.      0.      0.      0.      0.      0.      
CBEAM     100005     101    5776    57750.      0.      1.      
                        0.      0.      0.      0.      0.      0.      
CBEAM     100006     101    5775    57740.      0.      1.      
                        0.      0.      0.      0.      0.      0.      
CBEAM     100007     101    5774    57730.      0.      1.      
                        0.      0.      0.      0.      0.      0.      
CBEAM     100008     101    5773    57720.      0.      1.      
                        0.      0.      0.      0.      0.      0.      
CBEAM     100009     101    5772    57710.      0.      1.      
                        0.      0.      0.      0.      0.      0.      
CBEAM     100010     101    5771    57700.      0.      1.      
                        0.      0.      0.      0.      0.      0.      
CBEAM     100011     101    5770    57690.      0.      1.      
                        0.      0.      0.      0.      0.      0.      
CBEAM     100012     101    5769    57680.      0.      1.      
                        0.      0.      0.      0.      0.      0.      
CBEAM     100013     101    5768    57670.      0.      1.      
                        0.      0.      0.      0.      0.      0.      
CBEAM     100014     101    5767    57660.      0.      1.      
                        0.      0.      0.      0.      0.      0.      
CBEAM     100015     101    5766    57650.      0.      1.      
                        0.      0.      0.      0.      0.      0.      
CBEAM     100016     101    5765    57640.      0.      1.      
                        0.      0.      0.      0.      0.      0.      
CBEAM     100017     101    5764    57630.      0.      1.      
                        0.      0.      0.      0.      0.      0.      
CBEAM     100018     101    5763    57620.      0.      1.      
                        0.      0.      0.      0.      0.      0.      
CBEAM     100019     101    5762    57610.      0.      1.      
                        0.      0.      0.      0.      0.      0.      
CBEAM     100020     101    5761    55010.      0.      1.      
                        0.      0.      0.      0.      0.      0.      
CBEAM     100021     101    5501    55000.      0.      1.      
                        0.      0.      0.      0.      0.      0.      
CBEAM     100022     101    5500    54870.      0.      1.      
                        0.      0.      0.      0.      0.      0.      
CBEAM     100023     101    5487    54740.      0.      1.      
                        0.      0.      0.      0.      0.      0.      
CBEAM     100024     101    5474    54610.      0.      1.      
                        0.      0.      0.      0.      0.      0.      
CBEAM     100025     101    5461    54480.      0.      1.      
                        0.      0.      0.      0.      0.      0.      
CBEAM     100026     101    5448    54350.      0.      1.      
                        0.      0.      0.      0.      0.      0.      
CBEAM     100027     101    5435    54220.      0.      1.      
                        0.      0.      0.      0.      0.      0.      
CBEAM     100028     101    5422    54090.      0.      1.      
                        0.      0.      0.      0.      0.      0.      
CBEAM     100029     101    5409    53960.      0.      1.      
                        0.      0.      0.      0.      0.      0.      
CBEAM     100030     101    5396    53830.      0.      1.      
                        0.      0.      0.      0.      0.      0.      
CBEAM     100031     101    5383    53700.      0.      1.      
                        0.      0.      0.      0.      0.      0.      
CBEAM     100032     101    5370    53570.      0.      1.      
                        0.      0.      0.      0.      0.      0.      
CBEAM     100033     101    5357    53440.      0.      1.      
                        0.      0.      0.      0.      0.      0.      
CBEAM     100034     101    5344    53310.      0.      1.      
                        0.      0.      0.      0.      0.      0.      
CBEAM     100035     101    5331    53180.      0.      1.      
                        0.      0.      0.      0.      0.      0.      
CBEAM     100036     101    5318    53050.      0.      1.      
                        0.      0.      0.      0.      0.      0.      
CBEAM     100037     101    5305    52920.      0.      1.      
                        0.      0.      0.      0.      0.      0.      
CBEAM     100038     101    5292    52790.      0.      1.      
                        0.      0.      0.      0.      0.      0.      
CBEAM     100039     101    5279    52660.      0.      1.      
                        0.      0.      0.      0.      0.      0.      
CBEAM     100040     101    5266    35140.      0.      1.      
                        0.      0.      0.      0.      0.      0.      
CBEAM     100041     101    3514    35390.      0.      1.      
                        0.      0.      0.      0.      0.      0.      
CBEAM     100042     101    3539    35520.      0.      1.      
                        0.      0.      0.      0.      0.      0.      
CBEAM     100043     101    3552    35650.      0.      1.      
                        0.      0.      0.      0.      0.      0.      
CBEAM     100044     101    3565    35780.      0.      1.      
                        0.      0.      0.      0.      0.      0.      
CBEAM     100045     101    3578    35910.      0.      1.      
                        0.      0.      0.      0.      0.      0.      
CBEAM     100046     101    3591    36040.      0.      1.      
                        0.      0.      0.      0.      0.      0.      
CBEAM     100047     101    3604    36170.      0.      1.      
                        0.      0.      0.      0.      0.      0.      
CBEAM     100048     101    3617    36300.      0.      1.      
                        0.      0.      0.      0.      0.      0.      
CBEAM     100049     101    3630    36430.      0.      1.      
                        0.      0.      0.      0.      0.      0.      
CBEAM     100050     101    3643    36560.      0.      1.      
                        0.      0.      0.      0.      0.      0.      
CBEAM     100051     101    3656    36690.      0.      1.      
                        0.      0.      0.      0.      0.      0.      
CBEAM     100052     101    3669    36820.      0.      1.      
                        0.      0.      0.      0.      0.      0.      
CBEAM     100053     101    3682    36950.      0.      1.      
                        0.      0.      0.      0.      0.      0.      
CBEAM     100054     101    3695    37080.      0.      1.      
                        0.      0.      0.      0.      0.      0.      
CBEAM     100055     101    3708    37210.      0.      1.      
                        0.      0.      0.      0.      0.      0.      
CBEAM     100056     101    3721    37340.      0.      1.      
                        0.      0.      0.      0.      0.      0.      
CBEAM     100057     101    3734    37470.      0.      1.      
                        0.      0.      0.      0.      0.      0.      
CBEAM     100058     101    3747    37600.      0.      1.      
                        0.      0.      0.      0.      0.      0.      
CBEAM     100059     101    3760    37730.      0.      1.      
                        0.      0.      0.      0.      0.      0.      
CBEAM     100060     101    3773    37740.      0.      1.      
                        0.      0.      0.      0.      0.      0.      
CBEAM     100061     101    3774    40340.      0.      1.      
                        0.      0.      0.      0.      0.      0.      
CBEAM     100062     101    4034    40350.      0.      1.      
                        0.      0.      0.      0.      0.      0.      
CBEAM     100063     101    4035    40360.      0.      1.      
                        0.      0.      0.      0.      0.      0.      
CBEAM     100064     101    4036    40370.      0.      1.      
                        0.      0.      0.      0.      0.      0.      
CBEAM     100065     101    4037    40380.      0.      1.      
                        0.      0.      0.      0.      0.      0.      
CBEAM     100066     101    4038    40390.      0.      1.      
                        0.      0.      0.      0.      0.      0.      
CBEAM     100067     101    4039    40400.      0.      1.      
                        0.      0.      0.      0.      0.      0.      
CBEAM     100068     101    4040    40410.      0.      1.      
                        0.      0.      0.      0.      0.      0.      
CBEAM     100069     101    4041    40420.      0.      1.      
                        0.      0.      0.      0.      0.      0.      
CBEAM     100070     101    4042    40430.      0.      1.      
                        0.      0.      0.      0.      0.      0.      
CBEAM     100071     101    4043    40440.      0.      1.      
                        0.      0.      0.      0.      0.      0.      
CBEAM     100072     101    4044    40450.      0.      1.      
                        0.      0.      0.      0.      0.      0.      
CBEAM     100073     101    4045    40460.      0.      1.      
                        0.      0.      0.      0.      0.      0.      
CBEAM     100074     101    4046    40470.      0.      1.      
                        0.      0.      0.      0.      0.      0.      
CBEAM     100075     101    4047    40480.      0.      1.      
                        0.      0.      0.      0.      0.      0.      
CBEAM     100076     101    4048    40490.      0.      1.      
                        0.      0.      0.      0.      0.      0.      
CBEAM     100077     101    4049    40500.      0.      1.      
                        0.      0.      0.      0.      0.      0.      
CBEAM     100078     101    4050    40510.      0.      1.      
                        0.      0.      0.      0.      0.      0.      
CBEAM     100079     101    4051    40520.      0.      1.      
                        0.      0.      0.      0.      0.      0.      
CBEAM     100080     101    4052    40530.      0.      1.      
                        0.      0.      0.      0.      0.      0.      
