CBEAM      130013001        3301    33020.      0.      1.0
                        0.      0.      .00000000.      0.      .0000000
CBEAM      130023001        3302    33030.      0.      1.0
                        0.      0.      .00000000.      0.      .0000000
CBEAM      130033001        3303    33040.      0.      1.0
                        0.      0.      .00000000.      0.      .0000000
CBEAM      130043001        3304    33050.      0.      1.0
                        0.      0.      .00000000.      0.      .0000000
CBEAM      130053001        3305    33060.      0.      1.0
                        0.      0.      .00000000.      0.      .0000000
CBEAM      130063001        3306    33070.      0.      1.0
                        0.      0.      .00000000.      0.      .0000000
CBEAM      130073001        3307    33080.      0.      1.0
                        0.      0.      .00000000.      0.      .0000000
CBEAM      130083001        3308    33090.      0.      1.0
                        0.      0.      .00000000.      0.      .0000000
CBEAM      130093001        3309    33100.      0.      1.0
                        0.      0.      .00000000.      0.      .0000000
CBEAM      130103001        3310    33110.      0.      1.0
                        0.      0.      .00000000.      0.      .0000000
CBEAM      130113001        3311    33120.      0.      1.0
                        0.      0.      .00000000.      0.      .0000000
CBEAM      130123001        3312    33130.      0.      1.0
                        0.      0.      .00000000.      0.      .0000000
CBEAM      130133001        3313    33140.      0.      1.0
                        0.      0.      .00000000.      0.      .0000000
CBEAM      130143001        3314    33150.      0.      1.0
                        0.      0.      .00000000.      0.      .0000000
CBEAM      130153001        3315    33160.      0.      1.0
                        0.      0.      .00000000.      0.      .0000000
CBEAM      130163001        3316    33170.      0.      1.0
                        0.      0.      .00000000.      0.      .0000000
CBEAM      130173001        3317    33180.      0.      1.0
                        0.      0.      .00000000.      0.      .0000000
CBEAM      130183001        3318    33190.      0.      1.0
                        0.      0.      .00000000.      0.      .0000000
CBEAM      130193001        3319    33200.      0.      1.0
                        0.      0.      .00000000.      0.      .0000000
CBEAM      130203001        3320    33210.      0.      1.0
                        0.      0.      .00000000.      0.      .0000000
CBEAM      130213001        3321    33220.      0.      1.0
                        0.      0.      .00000000.      0.      .0000000
CBEAM      130223001        3322    33230.      0.      1.0
                        0.      0.      .00000000.      0.      .0000000
CBEAM      130233001        3323    33240.      0.      1.0
                        0.      0.      .00000000.      0.      .0000000
CBEAM      130243001        3324    33250.      0.      1.0
                        0.      0.      .00000000.      0.      .0000000
CBEAM      130253001        3325    33260.      0.      1.0
                        0.      0.      .00000000.      0.      .0000000
CBEAM      130263001        3326    33270.      0.      1.0
                        0.      0.      .00000000.      0.      .0000000
CBEAM      130273001        3327    33280.      0.      1.0
                        0.      0.      .00000000.      0.      .0000000
CBEAM      130283001        3328    33290.      0.      1.0
                        0.      0.      .00000000.      0.      .0000000
CBEAM      130293001        3329    33300.      0.      1.0
                        0.      0.      .00000000.      0.      .0000000
CBEAM      130303001        3330    33310.      0.      1.0
                        0.      0.      .00000000.      0.      .0000000
CBEAM      130313001        3331    33320.      0.      1.0
                        0.      0.      .00000000.      0.      .0000000
CBEAM      130323001        3332    33330.      0.      1.0
                        0.      0.      .00000000.      0.      .0000000
CBEAM      130333001        3333    33340.      0.      1.0
                        0.      0.      .00000000.      0.      .0000000
CBEAM      130343001        3334    33350.      0.      1.0
                        0.      0.      .00000000.      0.      .0000000
CBEAM      130353001        3335    33360.      0.      1.0
                        0.      0.      .00000000.      0.      .0000000
CBEAM      130363001        3336    33370.      0.      1.0
                        0.      0.      .00000000.      0.      .0000000
CBEAM      130373001        3337    33380.      0.      1.0
                        0.      0.      .00000000.      0.      .0000000
CBEAM      130383001        3338    33390.      0.      1.0
                        0.      0.      .00000000.      0.      .0000000
CBEAM      130393001        3339    33400.      0.      1.0
                        0.      0.      .00000000.      0.      .0000000
CBEAM      130403001        3340    33410.      0.      1.0
                        0.      0.      .00000000.      0.      .0000000
CBEAM      130413001        3341    33420.      0.      1.0
                        0.      0.      .00000000.      0.      .0000000
CBEAM      130423001        3342    33430.      0.      1.0
                        0.      0.      .00000000.      0.      .0000000
CBEAM      130433001        3343    33440.      0.      1.0
                        0.      0.      .00000000.      0.      .0000000
CBEAM      130443001        3344    33450.      0.      1.0
                        0.      0.      .00000000.      0.      .0000000
CBEAM      130453001        3345    33460.      0.      1.0
                        0.      0.      .00000000.      0.      .0000000
CBEAM      130463001        3346    33470.      0.      1.0
                        0.      0.      .00000000.      0.      .0000000
CBEAM      130473001        3347    33480.      0.      1.0
                        0.      0.      .00000000.      0.      .0000000
CBEAM      130483001        3348    33490.      0.      1.0
                        0.      0.      .00000000.      0.      .0000000
CBEAM      130493001        3349    33500.      0.      1.0
                        0.      0.      .00000000.      0.      .0000000
CBEAM      130503001        3350    33510.      0.      1.0
                        0.      0.      .00000000.      0.      .0000000
CBEAM      130513001        3351    33520.      0.      1.0
                        0.      0.      .00000000.      0.      .0000000
CBEAM      130523001        3352    33530.      0.      1.0
                        0.      0.      .00000000.      0.      .0000000
CBEAM      130533001        3353    33540.      0.      1.0
                        0.      0.      .00000000.      0.      .0000000
CBEAM      130543001        3354    33550.      0.      1.0
                        0.      0.      .00000000.      0.      .0000000
CBEAM      130553001        3355    33560.      0.      1.0
                        0.      0.      .00000000.      0.      .0000000
CBEAM      130563001        3356    33570.      0.      1.0
                        0.      0.      .00000000.      0.      .0000000
CBEAM      130573001        3357    33580.      0.      1.0
                        0.      0.      .00000000.      0.      .0000000
CBEAM      130583001        3358    33590.      0.      1.0
                        0.      0.      .00000000.      0.      .0000000
CBEAM      130593001        3359    33600.      0.      1.0
                        0.      0.      .00000000.      0.      .0000000
CBEAM      130603001        3360    33610.      0.      1.0
                        0.      0.      .00000000.      0.      .0000000
CBEAM      130613001        3361    33620.      0.      1.0
                        0.      0.      .00000000.      0.      .0000000
CBEAM      130623001        3362    33630.      0.      1.0
                        0.      0.      .00000000.      0.      .0000000
CBEAM      130633001        3363    33640.      0.      1.0
                        0.      0.      .00000000.      0.      .0000000
CBEAM      130643001        3364    33650.      0.      1.0
                        0.      0.      .00000000.      0.      .0000000
CBEAM      130653001        3365    33660.      0.      1.0
                        0.      0.      .00000000.      0.      .0000000
CBEAM      130663001        3366    33670.      0.      1.0
                        0.      0.      .00000000.      0.      .0000000
CBEAM      130673001        3367    33680.      0.      1.0
                        0.      0.      .00000000.      0.      .0000000
CBEAM      130683001        3368    33690.      0.      1.0
                        0.      0.      .00000000.      0.      .0000000
CBEAM      130693001        3369    33700.      0.      1.0
                        0.      0.      .00000000.      0.      .0000000
CBEAM      130703001        3370    33710.      0.      1.0
                        0.      0.      .00000000.      0.      .0000000
CBEAM      130713001        3371    33720.      0.      1.0
                        0.      0.      .00000000.      0.      .0000000
CBEAM      130723001        3372    33730.      0.      1.0
                        0.      0.      .00000000.      0.      .0000000
CBEAM      130733001        3373    33740.      0.      1.0
                        0.      0.      .00000000.      0.      .0000000
CBEAM      130743001        3374    33750.      0.      1.0
                        0.      0.      .00000000.      0.      .0000000
CBEAM      130753001        3375    33760.      0.      1.0
                        0.      0.      .00000000.      0.      .0000000
CBEAM      130763001        3376    33770.      0.      1.0
                        0.      0.      .00000000.      0.      .0000000
CBEAM      130773001        3377    33780.      0.      1.0
                        0.      0.      .00000000.      0.      .0000000
CBEAM      130783001        3378    33790.      0.      1.0
                        0.      0.      .00000000.      0.      .0000000
CBEAM      130793001        3379    33800.      0.      1.0
                        0.      0.      .00000000.      0.      .0000000
CBEAM      130803001        3380    33810.      0.      1.0
                        0.      0.      .00000000.      0.      .0000000
CBEAM      130813001        3381    33820.      0.      1.0
                        0.      0.      .00000000.      0.      .0000000
CBEAM      130823001        3382    33830.      0.      1.0
                        0.      0.      .00000000.      0.      .0000000
CBEAM      130833001        3383    33840.      0.      1.0
                        0.      0.      .00000000.      0.      .0000000
CBEAM      130843001        3384    33850.      0.      1.0
                        0.      0.      .00000000.      0.      .0000000
CBEAM      130853001        3385    33860.      0.      1.0
                        0.      0.      .00000000.      0.      .0000000
CBEAM      130863001        3386    33870.      0.      1.0
                        0.      0.      .00000000.      0.      .0000000
CBEAM      130873001        3387    33880.      0.      1.0
                        0.      0.      .00000000.      0.      .0000000
CBEAM      130883001        3388    33890.      0.      1.0
                        0.      0.      .00000000.      0.      .0000000
CBEAM      130893001        3389    33900.      0.      1.0
                        0.      0.      .00000000.      0.      .0000000
CBEAM      130903001        3390    33910.      0.      1.0
                        0.      0.      .00000000.      0.      .0000000
CBEAM      130913001        3391    33920.      0.      1.0
                        0.      0.      .00000000.      0.      .0000000
CBEAM      130923001        3392    33930.      0.      1.0
                        0.      0.      .00000000.      0.      .0000000
CBEAM      130933001        3393    33940.      0.      1.0
                        0.      0.      .00000000.      0.      .0000000
CBEAM      130943001        3394    33950.      0.      1.0
                        0.      0.      .00000000.      0.      .0000000
CBEAM      130953001        3395    33960.      0.      1.0
                        0.      0.      .00000000.      0.      .0000000
CBEAM      130963001        3396    33970.      0.      1.0
                        0.      0.      .00000000.      0.      .0000000
CBEAM      130973001        3397    33980.      0.      1.0
                        0.      0.      .00000000.      0.      .0000000
CBEAM      130983001        3398    33990.      0.      1.0
                        0.      0.      .00000000.      0.      .0000000
CBEAM      130993001        3399    34000.      0.      1.0
                        0.      0.      .00000000.      0.      .0000000
