CBEAM      140013001        6601    66020.      0.      1.0
                        0.      0.      .00610560.      0.      .0061056
CBEAM      140023001        6602    66030.      0.      1.0
                        0.      0.      .00610560.      0.      .0061056
CBEAM      140033001        6603    66040.      0.      1.0
                        0.      0.      .00610560.      0.      .0061056
CBEAM      140043001        6604    66050.      0.      1.0
                        0.      0.      .00610560.      0.      .0061056
CBEAM      140053001        6605    66060.      0.      1.0
                        0.      0.      .00610560.      0.      .0061056
CBEAM      140063001        6606    66070.      0.      1.0
                        0.      0.      .00610560.      0.      .0061056
CBEAM      140073001        6607    66080.      0.      1.0
                        0.      0.      .00610560.      0.      .0061056
CBEAM      140083001        6608    66090.      0.      1.0
                        0.      0.      .00610560.      0.      .0061056
CBEAM      140093001        6609    66100.      0.      1.0
                        0.      0.      .00610560.      0.      .0061056
CBEAM      140103001        6610    66110.      0.      1.0
                        0.      0.      .00610560.      0.      .0061056
CBEAM      140113001        6611    66120.      0.      1.0
                        0.      0.      .00610560.      0.      .0061056
CBEAM      140123001        6612    66130.      0.      1.0
                        0.      0.      .00610560.      0.      .0061056
CBEAM      140133001        6613    66140.      0.      1.0
                        0.      0.      .00610560.      0.      .0061056
CBEAM      140143001        6614    66150.      0.      1.0
                        0.      0.      .00610560.      0.      .0061056
CBEAM      140153001        6615    66160.      0.      1.0
                        0.      0.      .00610560.      0.      .0061056
CBEAM      140163001        6616    66170.      0.      1.0
                        0.      0.      .00610560.      0.      .0061056
CBEAM      140173001        6617    66180.      0.      1.0
                        0.      0.      .00610560.      0.      .0061056
CBEAM      140183001        6618    66190.      0.      1.0
                        0.      0.      .00610560.      0.      .0061056
CBEAM      140193001        6619    66200.      0.      1.0
                        0.      0.      .00610560.      0.      .0061056
CBEAM      140203001        6620    66210.      0.      1.0
                        0.      0.      .00610560.      0.      .0061056
CBEAM      140213001        6621    66220.      0.      1.0
                        0.      0.      .00610560.      0.      .0061056
CBEAM      140223001        6622    66230.      0.      1.0
                        0.      0.      .00610560.      0.      .0061056
CBEAM      140233001        6623    66240.      0.      1.0
                        0.      0.      .00610560.      0.      .0061056
CBEAM      140243001        6624    66250.      0.      1.0
                        0.      0.      .00610560.      0.      .0061056
CBEAM      140253001        6625    66260.      0.      1.0
                        0.      0.      .00610560.      0.      .0061056
CBEAM      140263001        6626    66270.      0.      1.0
                        0.      0.      .00610560.      0.      .0061056
CBEAM      140273001        6627    66280.      0.      1.0
                        0.      0.      .00610560.      0.      .0061056
CBEAM      140283001        6628    66290.      0.      1.0
                        0.      0.      .00610560.      0.      .0061056
CBEAM      140293001        6629    66300.      0.      1.0
                        0.      0.      .00610560.      0.      .0061056
CBEAM      140303001        6630    66310.      0.      1.0
                        0.      0.      .00610560.      0.      .0061056
CBEAM      140313001        6631    66320.      0.      1.0
                        0.      0.      .00610560.      0.      .0061056
CBEAM      140323001        6632    66330.      0.      1.0
                        0.      0.      .00610560.      0.      .0061056
CBEAM      140333001        6633    66340.      0.      1.0
                        0.      0.      .00610560.      0.      .0061056
CBEAM      140343001        6634    66350.      0.      1.0
                        0.      0.      .00610560.      0.      .0061056
CBEAM      140353001        6635    66360.      0.      1.0
                        0.      0.      .00610560.      0.      .0061056
CBEAM      140363001        6636    66370.      0.      1.0
                        0.      0.      .00610560.      0.      .0061056
CBEAM      140373001        6637    66380.      0.      1.0
                        0.      0.      .00610560.      0.      .0061056
CBEAM      140383001        6638    66390.      0.      1.0
                        0.      0.      .00610560.      0.      .0061056
CBEAM      140393001        6639    66400.      0.      1.0
                        0.      0.      .00610560.      0.      .0061056
CBEAM      140403001        6640    66410.      0.      1.0
                        0.      0.      .00610560.      0.      .0061056
CBEAM      140413001        6641    66420.      0.      1.0
                        0.      0.      .00610560.      0.      .0061056
CBEAM      140423001        6642    66430.      0.      1.0
                        0.      0.      .00610560.      0.      .0061056
CBEAM      140433001        6643    66440.      0.      1.0
                        0.      0.      .00610560.      0.      .0061056
CBEAM      140443001        6644    66450.      0.      1.0
                        0.      0.      .00610560.      0.      .0061056
CBEAM      140453001        6645    66460.      0.      1.0
                        0.      0.      .00610560.      0.      .0061056
CBEAM      140463001        6646    66470.      0.      1.0
                        0.      0.      .00610560.      0.      .0061056
CBEAM      140473001        6647    66480.      0.      1.0
                        0.      0.      .00610560.      0.      .0061056
CBEAM      140483001        6648    66490.      0.      1.0
                        0.      0.      .00610560.      0.      .0061056
CBEAM      140493001        6649    66500.      0.      1.0
                        0.      0.      .00610560.      0.      .0061056
CBEAM      140503001        6650    66510.      0.      1.0
                        0.      0.      .00610560.      0.      .0061056
CBEAM      140513001        6651    66520.      0.      1.0
                        0.      0.      .00610560.      0.      .0061056
CBEAM      140523001        6652    66530.      0.      1.0
                        0.      0.      .00610560.      0.      .0061056
CBEAM      140533001        6653    66540.      0.      1.0
                        0.      0.      .00610560.      0.      .0061056
CBEAM      140543001        6654    66550.      0.      1.0
                        0.      0.      .00610560.      0.      .0061056
CBEAM      140553001        6655    66560.      0.      1.0
                        0.      0.      .00610560.      0.      .0061056
CBEAM      140563001        6656    66570.      0.      1.0
                        0.      0.      .00610560.      0.      .0061056
CBEAM      140573001        6657    66580.      0.      1.0
                        0.      0.      .00610560.      0.      .0061056
CBEAM      140583001        6658    66590.      0.      1.0
                        0.      0.      .00610560.      0.      .0061056
CBEAM      140593001        6659    66600.      0.      1.0
                        0.      0.      .00610560.      0.      .0061056
CBEAM      140603001        6660    66610.      0.      1.0
                        0.      0.      .00610560.      0.      .0061056
CBEAM      140613001        6661    66620.      0.      1.0
                        0.      0.      .00610560.      0.      .0061056
CBEAM      140623001        6662    66630.      0.      1.0
                        0.      0.      .00610560.      0.      .0061056
CBEAM      140633001        6663    66640.      0.      1.0
                        0.      0.      .00610560.      0.      .0061056
CBEAM      140643001        6664    66650.      0.      1.0
                        0.      0.      .00610560.      0.      .0061056
CBEAM      140653001        6665    66660.      0.      1.0
                        0.      0.      .00610560.      0.      .0061056
CBEAM      140663001        6666    66670.      0.      1.0
                        0.      0.      .00610560.      0.      .0061056
CBEAM      140673001        6667    66680.      0.      1.0
                        0.      0.      .00610560.      0.      .0061056
CBEAM      140683001        6668    66690.      0.      1.0
                        0.      0.      .00610560.      0.      .0061056
CBEAM      140693001        6669    66700.      0.      1.0
                        0.      0.      .00610560.      0.      .0061056
CBEAM      140703001        6670    66710.      0.      1.0
                        0.      0.      .00610560.      0.      .0061056
CBEAM      140713001        6671    66720.      0.      1.0
                        0.      0.      .00610560.      0.      .0061056
CBEAM      140723001        6672    66730.      0.      1.0
                        0.      0.      .00610560.      0.      .0061056
CBEAM      140733001        6673    66740.      0.      1.0
                        0.      0.      .00610560.      0.      .0061056
CBEAM      140743001        6674    66750.      0.      1.0
                        0.      0.      .00610560.      0.      .0061056
CBEAM      140753001        6675    66760.      0.      1.0
                        0.      0.      .00610560.      0.      .0061056
CBEAM      140763001        6676    66770.      0.      1.0
                        0.      0.      .00610560.      0.      .0061056
CBEAM      140773001        6677    66780.      0.      1.0
                        0.      0.      .00610560.      0.      .0061056
CBEAM      140783001        6678    66790.      0.      1.0
                        0.      0.      .00610560.      0.      .0061056
CBEAM      140793001        6679    66800.      0.      1.0
                        0.      0.      .00610560.      0.      .0061056
CBEAM      140803001        6680    66810.      0.      1.0
                        0.      0.      .00610560.      0.      .0061056
CBEAM      140813001        6681    66820.      0.      1.0
                        0.      0.      .00610560.      0.      .0061056
CBEAM      140823001        6682    66830.      0.      1.0
                        0.      0.      .00610560.      0.      .0061056
CBEAM      140833001        6683    66840.      0.      1.0
                        0.      0.      .00610560.      0.      .0061056
CBEAM      140843001        6684    66850.      0.      1.0
                        0.      0.      .00610560.      0.      .0061056
CBEAM      140853001        6685    66860.      0.      1.0
                        0.      0.      .00610560.      0.      .0061056
CBEAM      140863001        6686    66870.      0.      1.0
                        0.      0.      .00610560.      0.      .0061056
CBEAM      140873001        6687    66880.      0.      1.0
                        0.      0.      .00610560.      0.      .0061056
CBEAM      140883001        6688    66890.      0.      1.0
                        0.      0.      .00610560.      0.      .0061056
CBEAM      140893001        6689    66900.      0.      1.0
                        0.      0.      .00610560.      0.      .0061056
CBEAM      140903001        6690    66910.      0.      1.0
                        0.      0.      .00610560.      0.      .0061056
CBEAM      140913001        6691    66920.      0.      1.0
                        0.      0.      .00610560.      0.      .0061056
CBEAM      140923001        6692    66930.      0.      1.0
                        0.      0.      .00610560.      0.      .0061056
CBEAM      140933001        6693    66940.      0.      1.0
                        0.      0.      .00610560.      0.      .0061056
CBEAM      140943001        6694    66950.      0.      1.0
                        0.      0.      .00610560.      0.      .0061056
CBEAM      140953001        6695    66960.      0.      1.0
                        0.      0.      .00610560.      0.      .0061056
CBEAM      140963001        6696    66970.      0.      1.0
                        0.      0.      .00610560.      0.      .0061056
CBEAM      140973001        6697    66980.      0.      1.0
                        0.      0.      .00610560.      0.      .0061056
CBEAM      140983001        6698    66990.      0.      1.0
                        0.      0.      .00610560.      0.      .0061056
CBEAM      140993001        6699    67000.      0.      1.0
                        0.      0.      .00610560.      0.      .0061056
