$1------$2------$3------$4------$5------$6------$7------$8------$9------$0------
SPC1          69       3     553     555     575     596     617     638
             659     680     701     722     743     764     785     806
             827     848     869     890     912     934     953     954
             955     956     957     958     959     960     961     962
             963     964     965     966     967     968     969     970
             971     972     973    1354    1355    1356    1357    1358
            1359    1360    1361    1362    1363    1364    1365    1366
            1367    1368    1369    1370    1371    1372    1373    1754
            1755    1756    1757    1758    1759    1760    1761    1762
            1763    1764    1765    1766    1767    1768    1769    1770
            1771    1772    1773    2313    2315    2335    2356    2377
            2398    2419    2440    2461    2482    2503    2524    2545
            2566    2587    2608    2629    2650    2672    2694    2713
            2714    2715    2716    2717    2718    2719    2720    2721
            2722    2723    2724    2725    2726    2727    2728    2729
            2730    2731    2732    2733    3114    3115    3116    3117
            3118    3119    3120    3121    3122    3123    3124    3125
            3126    3127    3128    3129    3130    3131    3132    3133
            3495    3496    3497    3498    3499    3500    3501    3502
            3503    3504    3505    3506    3507    3508    3509    3510
            3511    3512    3513    4053    4055    4075    4096    4117
            4138    4159    4180    4201    4222    4243    4264    4285
            4306    4327    4348    4369    4390    4412    4434    4453
            4454    4455    4456    4457    4458    4459    4460    4461
            4462    4463    4464    4465    4466    4467    4468    4469
            4470    4471    4472    4473    4835    4836    4837    4838
            4839    4840    4841    4842    4843    4844    4845    4846
            4847    4848    4849    4850    4851    4852    4853    5234
            5235    5236    5237    5238    5239    5240    5241    5242
            5243    5244    5245    5246    5247    5248    5249    5250
            5251    5252    5253    5780    5782    5802    5823    5844
            5865    5886    5907    5928    5949    5970    5991    6012
            6033    6054    6075    6096    6117    6139    6161    6180
            6181    6182    6183    6184    6185    6186    6187    6188
            6189    6190    6191    6192    6193    6194    6195    6196
            6197    6198    6199    6200    6562    6563    6564    6565
            6566    6567    6568    6569    6570    6571    6572    6573
            6574    6575    6576    6577    6578    6579    6580    6942
            6943    6944    6945    6946    6947    6948    6949    6950
            6951    6952    6953    6954    6955    6956    6957    6958
            6959    6960                                                
