SPCD,       1,    4453,       2,5e-06
SPCD,       1,    4454,       2,5.25e-06
SPCD,       1,    4455,       2,5.5e-06
SPCD,       1,    4456,       2,5.75e-06
SPCD,       1,    4457,       2,6e-06
SPCD,       1,    4458,       2,6.25e-06
SPCD,       1,    4459,       2,6.5e-06
SPCD,       1,    4460,       2,6.75e-06
SPCD,       1,    4461,       2,7e-06
SPCD,       1,    4462,       2,7.25e-06
SPCD,       1,    4463,       2,7.5e-06
SPCD,       1,    4464,       2,7.75e-06
SPCD,       1,    4465,       2,8e-06
SPCD,       1,    4466,       2,8.25e-06
SPCD,       1,    4467,       2,8.5e-06
SPCD,       1,    4468,       2,8.75e-06
SPCD,       1,    4469,       2,9e-06
SPCD,       1,    4470,       2,9.25e-06
SPCD,       1,    4471,       2,9.5e-06
SPCD,       1,    4472,       2,9.75e-06
SPCD,       1,    4473,       2,1e-05
SPCD,       1,    5234,       2,4.75e-06
SPCD,       1,    5235,       2,4.5e-06
SPCD,       1,    5236,       2,4.25e-06
SPCD,       1,    5237,       2,4e-06
SPCD,       1,    5238,       2,3.75e-06
SPCD,       1,    5239,       2,3.5e-06
SPCD,       1,    5240,       2,3.25e-06
SPCD,       1,    5241,       2,3e-06
SPCD,       1,    5242,       2,2.75e-06
SPCD,       1,    5243,       2,2.5e-06
SPCD,       1,    5244,       2,2.25e-06
SPCD,       1,    5245,       2,2e-06
SPCD,       1,    5246,       2,1.75e-06
SPCD,       1,    5247,       2,1.5e-06
SPCD,       1,    5248,       2,1.25e-06
SPCD,       1,    5249,       2,1e-06
SPCD,       1,    5250,       2,7.5e-07
SPCD,       1,    5251,       2,5e-07
SPCD,       1,    5252,       2,2.5e-07
SPCD,       1,    5253,       2,1e-10
SPCD,       1,    6180,       2,-4.9999e-06
SPCD,       1,    6181,       2,-5.2499e-06
SPCD,       1,    6182,       2,-5.4999e-06
SPCD,       1,    6183,       2,-5.7499e-06
SPCD,       1,    6184,       2,-5.9999e-06
SPCD,       1,    6185,       2,-6.2499e-06
SPCD,       1,    6186,       2,-6.4999e-06
SPCD,       1,    6187,       2,-6.75e-06
SPCD,       1,    6188,       2,-7e-06
SPCD,       1,    6189,       2,-7.25e-06
SPCD,       1,    6190,       2,-7.5e-06
SPCD,       1,    6191,       2,-7.75e-06
SPCD,       1,    6192,       2,-8e-06
SPCD,       1,    6193,       2,-8.25e-06
SPCD,       1,    6194,       2,-8.5e-06
SPCD,       1,    6195,       2,-8.75e-06
SPCD,       1,    6196,       2,-9e-06
SPCD,       1,    6197,       2,-9.25e-06
SPCD,       1,    6198,       2,-9.5e-06
SPCD,       1,    6199,       2,-9.75e-06
SPCD,       1,    6200,       2,-1e-05
SPCD,       1,    6942,       2,-4.75e-06
SPCD,       1,    6943,       2,-4.5e-06
SPCD,       1,    6944,       2,-4.25e-06
SPCD,       1,    6945,       2,-4e-06
SPCD,       1,    6946,       2,-3.75e-06
SPCD,       1,    6947,       2,-3.5e-06
SPCD,       1,    6948,       2,-3.25e-06
SPCD,       1,    6949,       2,-3e-06
SPCD,       1,    6950,       2,-2.75e-06
SPCD,       1,    6951,       2,-2.5e-06
SPCD,       1,    6952,       2,-2.25e-06
SPCD,       1,    6953,       2,-2e-06
SPCD,       1,    6954,       2,-1.75e-06
SPCD,       1,    6955,       2,-1.5e-06
SPCD,       1,    6956,       2,-1.25e-06
SPCD,       1,    6957,       2,-1e-06
SPCD,       1,    6958,       2,-7.5e-07
SPCD,       1,    6959,       2,-5e-07
SPCD,       1,    6960,       2,-2.5e-07
$1------$2------$3------$4------$5------$6------$7------$8------$9------$0------
SPC1          65       2    4453    4454    4455    4456    4457    4458
            4459    4460    4461    4462    4463    4464    4465    4466
            4467    4468    4469    4470    4471    4472    4473    5234
            5235    5236    5237    5238    5239    5240    5241    5242
            5243    5244    5245    5246    5247    5248    5249    5250
            5251    5252    5253    6180    6181    6182    6183    6184
            6185    6186    6187    6188    6189    6190    6191    6192
            6193    6194    6195    6196    6197    6198    6199    6200
            6942    6943    6944    6945    6946    6947    6948    6949
            6950    6951    6952    6953    6954    6955    6956    6957
            6958    6959    6960                                        
