CBEAM     200001     102    2313    23120.      0.      1.      
                        0.      0.      0.      0.      0.      0.      
CBEAM     200002     102    2312    23110.      0.      1.      
                        0.      0.      0.      0.      0.      0.      
CBEAM     200003     102    2311    23100.      0.      1.      
                        0.      0.      0.      0.      0.      0.      
CBEAM     200004     102    2310    23090.      0.      1.      
                        0.      0.      0.      0.      0.      0.      
CBEAM     200005     102    2309    23080.      0.      1.      
                        0.      0.      0.      0.      0.      0.      
CBEAM     200006     102    2308    23070.      0.      1.      
                        0.      0.      0.      0.      0.      0.      
CBEAM     200007     102    2307    23060.      0.      1.      
                        0.      0.      0.      0.      0.      0.      
CBEAM     200008     102    2306    23050.      0.      1.      
                        0.      0.      0.      0.      0.      0.      
CBEAM     200009     102    2305    23040.      0.      1.      
                        0.      0.      0.      0.      0.      0.      
CBEAM     200010     102    2304    23030.      0.      1.      
                        0.      0.      0.      0.      0.      0.      
CBEAM     200011     102    2303    23020.      0.      1.      
                        0.      0.      0.      0.      0.      0.      
CBEAM     200012     102    2302    23010.      0.      1.      
                        0.      0.      0.      0.      0.      0.      
CBEAM     200013     102    2301    23000.      0.      1.      
                        0.      0.      0.      0.      0.      0.      
CBEAM     200014     102    2300    22990.      0.      1.      
                        0.      0.      0.      0.      0.      0.      
CBEAM     200015     102    2299    22980.      0.      1.      
                        0.      0.      0.      0.      0.      0.      
CBEAM     200016     102    2298    22970.      0.      1.      
                        0.      0.      0.      0.      0.      0.      
CBEAM     200017     102    2297    22960.      0.      1.      
                        0.      0.      0.      0.      0.      0.      
CBEAM     200018     102    2296    22950.      0.      1.      
                        0.      0.      0.      0.      0.      0.      
CBEAM     200019     102    2295    22940.      0.      1.      
                        0.      0.      0.      0.      0.      0.      
CBEAM     200020     102    2294    20210.      0.      1.      
                        0.      0.      0.      0.      0.      0.      
CBEAM     200021     102    2021    20200.      0.      1.      
                        0.      0.      0.      0.      0.      0.      
CBEAM     200022     102    2020    20070.      0.      1.      
                        0.      0.      0.      0.      0.      0.      
CBEAM     200023     102    2007    19940.      0.      1.      
                        0.      0.      0.      0.      0.      0.      
CBEAM     200024     102    1994    19810.      0.      1.      
                        0.      0.      0.      0.      0.      0.      
CBEAM     200025     102    1981    19680.      0.      1.      
                        0.      0.      0.      0.      0.      0.      
CBEAM     200026     102    1968    19550.      0.      1.      
                        0.      0.      0.      0.      0.      0.      
CBEAM     200027     102    1955    19420.      0.      1.      
                        0.      0.      0.      0.      0.      0.      
CBEAM     200028     102    1942    19290.      0.      1.      
                        0.      0.      0.      0.      0.      0.      
CBEAM     200029     102    1929    19160.      0.      1.      
                        0.      0.      0.      0.      0.      0.      
CBEAM     200030     102    1916    19030.      0.      1.      
                        0.      0.      0.      0.      0.      0.      
CBEAM     200031     102    1903    18900.      0.      1.      
                        0.      0.      0.      0.      0.      0.      
CBEAM     200032     102    1890    18770.      0.      1.      
                        0.      0.      0.      0.      0.      0.      
CBEAM     200033     102    1877    18640.      0.      1.      
                        0.      0.      0.      0.      0.      0.      
CBEAM     200034     102    1864    18510.      0.      1.      
                        0.      0.      0.      0.      0.      0.      
CBEAM     200035     102    1851    18380.      0.      1.      
                        0.      0.      0.      0.      0.      0.      
CBEAM     200036     102    1838    18250.      0.      1.      
                        0.      0.      0.      0.      0.      0.      
CBEAM     200037     102    1825    18120.      0.      1.      
                        0.      0.      0.      0.      0.      0.      
CBEAM     200038     102    1812    17990.      0.      1.      
                        0.      0.      0.      0.      0.      0.      
CBEAM     200039     102    1799    17860.      0.      1.      
                        0.      0.      0.      0.      0.      0.      
CBEAM     200040     102    1786       10.      0.      1.      
                        0.      0.      0.      0.      0.      0.      
CBEAM     200041     102       1      260.      0.      1.      
                        0.      0.      0.      0.      0.      0.      
CBEAM     200042     102      26      390.      0.      1.      
                        0.      0.      0.      0.      0.      0.      
CBEAM     200043     102      39      520.      0.      1.      
                        0.      0.      0.      0.      0.      0.      
CBEAM     200044     102      52      650.      0.      1.      
                        0.      0.      0.      0.      0.      0.      
CBEAM     200045     102      65      780.      0.      1.      
                        0.      0.      0.      0.      0.      0.      
CBEAM     200046     102      78      910.      0.      1.      
                        0.      0.      0.      0.      0.      0.      
CBEAM     200047     102      91     1040.      0.      1.      
                        0.      0.      0.      0.      0.      0.      
CBEAM     200048     102     104     1170.      0.      1.      
                        0.      0.      0.      0.      0.      0.      
CBEAM     200049     102     117     1300.      0.      1.      
                        0.      0.      0.      0.      0.      0.      
CBEAM     200050     102     130     1430.      0.      1.      
                        0.      0.      0.      0.      0.      0.      
CBEAM     200051     102     143     1560.      0.      1.      
                        0.      0.      0.      0.      0.      0.      
CBEAM     200052     102     156     1690.      0.      1.      
                        0.      0.      0.      0.      0.      0.      
CBEAM     200053     102     169     1820.      0.      1.      
                        0.      0.      0.      0.      0.      0.      
CBEAM     200054     102     182     1950.      0.      1.      
                        0.      0.      0.      0.      0.      0.      
CBEAM     200055     102     195     2080.      0.      1.      
                        0.      0.      0.      0.      0.      0.      
CBEAM     200056     102     208     2210.      0.      1.      
                        0.      0.      0.      0.      0.      0.      
CBEAM     200057     102     221     2340.      0.      1.      
                        0.      0.      0.      0.      0.      0.      
CBEAM     200058     102     234     2470.      0.      1.      
                        0.      0.      0.      0.      0.      0.      
CBEAM     200059     102     247     2600.      0.      1.      
                        0.      0.      0.      0.      0.      0.      
CBEAM     200060     102     260     2610.      0.      1.      
                        0.      0.      0.      0.      0.      0.      
CBEAM     200061     102     261     5340.      0.      1.      
                        0.      0.      0.      0.      0.      0.      
CBEAM     200062     102     534     5350.      0.      1.      
                        0.      0.      0.      0.      0.      0.      
CBEAM     200063     102     535     5360.      0.      1.      
                        0.      0.      0.      0.      0.      0.      
CBEAM     200064     102     536     5370.      0.      1.      
                        0.      0.      0.      0.      0.      0.      
CBEAM     200065     102     537     5380.      0.      1.      
                        0.      0.      0.      0.      0.      0.      
CBEAM     200066     102     538     5390.      0.      1.      
                        0.      0.      0.      0.      0.      0.      
CBEAM     200067     102     539     5400.      0.      1.      
                        0.      0.      0.      0.      0.      0.      
CBEAM     200068     102     540     5410.      0.      1.      
                        0.      0.      0.      0.      0.      0.      
CBEAM     200069     102     541     5420.      0.      1.      
                        0.      0.      0.      0.      0.      0.      
CBEAM     200070     102     542     5430.      0.      1.      
                        0.      0.      0.      0.      0.      0.      
CBEAM     200071     102     543     5440.      0.      1.      
                        0.      0.      0.      0.      0.      0.      
CBEAM     200072     102     544     5450.      0.      1.      
                        0.      0.      0.      0.      0.      0.      
CBEAM     200073     102     545     5460.      0.      1.      
                        0.      0.      0.      0.      0.      0.      
CBEAM     200074     102     546     5470.      0.      1.      
                        0.      0.      0.      0.      0.      0.      
CBEAM     200075     102     547     5480.      0.      1.      
                        0.      0.      0.      0.      0.      0.      
CBEAM     200076     102     548     5490.      0.      1.      
                        0.      0.      0.      0.      0.      0.      
CBEAM     200077     102     549     5500.      0.      1.      
                        0.      0.      0.      0.      0.      0.      
CBEAM     200078     102     550     5510.      0.      1.      
                        0.      0.      0.      0.      0.      0.      
CBEAM     200079     102     551     5520.      0.      1.      
                        0.      0.      0.      0.      0.      0.      
CBEAM     200080     102     552     5530.      0.      1.      
                        0.      0.      0.      0.      0.      0.      
