CBEAM     400001     102    4453    44500.      0.      1.      
                        0.      0.      0.      0.      0.      0.      
CBEAM     400002     102    4450    44300.      0.      1.      
                        0.      0.      0.      0.      0.      0.      
CBEAM     400003     102    4430    44100.      0.      1.      
                        0.      0.      0.      0.      0.      0.      
CBEAM     400004     102    4410    43890.      0.      1.      
                        0.      0.      0.      0.      0.      0.      
CBEAM     400005     102    4389    43680.      0.      1.      
                        0.      0.      0.      0.      0.      0.      
CBEAM     400006     102    4368    43470.      0.      1.      
                        0.      0.      0.      0.      0.      0.      
CBEAM     400007     102    4347    43260.      0.      1.      
                        0.      0.      0.      0.      0.      0.      
CBEAM     400008     102    4326    43050.      0.      1.      
                        0.      0.      0.      0.      0.      0.      
CBEAM     400009     102    4305    42840.      0.      1.      
                        0.      0.      0.      0.      0.      0.      
CBEAM     400010     102    4284    42630.      0.      1.      
                        0.      0.      0.      0.      0.      0.      
CBEAM     400011     102    4263    42420.      0.      1.      
                        0.      0.      0.      0.      0.      0.      
CBEAM     400012     102    4242    42210.      0.      1.      
                        0.      0.      0.      0.      0.      0.      
CBEAM     400013     102    4221    42000.      0.      1.      
                        0.      0.      0.      0.      0.      0.      
CBEAM     400014     102    4200    41790.      0.      1.      
                        0.      0.      0.      0.      0.      0.      
CBEAM     400015     102    4179    41580.      0.      1.      
                        0.      0.      0.      0.      0.      0.      
CBEAM     400016     102    4158    41370.      0.      1.      
                        0.      0.      0.      0.      0.      0.      
CBEAM     400017     102    4137    41160.      0.      1.      
                        0.      0.      0.      0.      0.      0.      
CBEAM     400018     102    4116    40950.      0.      1.      
                        0.      0.      0.      0.      0.      0.      
CBEAM     400019     102    4095    40740.      0.      1.      
                        0.      0.      0.      0.      0.      0.      
CBEAM     400020     102    4074    37740.      0.      1.      
                        0.      0.      0.      0.      0.      0.      
CBEAM     400021     102    3774    37870.      0.      1.      
                        0.      0.      0.      0.      0.      0.      
CBEAM     400022     102    3787    38000.      0.      1.      
                        0.      0.      0.      0.      0.      0.      
CBEAM     400023     102    3800    38130.      0.      1.      
                        0.      0.      0.      0.      0.      0.      
CBEAM     400024     102    3813    38260.      0.      1.      
                        0.      0.      0.      0.      0.      0.      
CBEAM     400025     102    3826    38390.      0.      1.      
                        0.      0.      0.      0.      0.      0.      
CBEAM     400026     102    3839    38520.      0.      1.      
                        0.      0.      0.      0.      0.      0.      
CBEAM     400027     102    3852    38650.      0.      1.      
                        0.      0.      0.      0.      0.      0.      
CBEAM     400028     102    3865    38780.      0.      1.      
                        0.      0.      0.      0.      0.      0.      
CBEAM     400029     102    3878    38910.      0.      1.      
                        0.      0.      0.      0.      0.      0.      
CBEAM     400030     102    3891    39040.      0.      1.      
                        0.      0.      0.      0.      0.      0.      
CBEAM     400031     102    3904    39170.      0.      1.      
                        0.      0.      0.      0.      0.      0.      
CBEAM     400032     102    3917    39300.      0.      1.      
                        0.      0.      0.      0.      0.      0.      
CBEAM     400033     102    3930    39430.      0.      1.      
                        0.      0.      0.      0.      0.      0.      
CBEAM     400034     102    3943    39560.      0.      1.      
                        0.      0.      0.      0.      0.      0.      
CBEAM     400035     102    3956    39690.      0.      1.      
                        0.      0.      0.      0.      0.      0.      
CBEAM     400036     102    3969    39820.      0.      1.      
                        0.      0.      0.      0.      0.      0.      
CBEAM     400037     102    3982    39950.      0.      1.      
                        0.      0.      0.      0.      0.      0.      
CBEAM     400038     102    3995    40080.      0.      1.      
                        0.      0.      0.      0.      0.      0.      
CBEAM     400039     102    4008    40210.      0.      1.      
                        0.      0.      0.      0.      0.      0.      
CBEAM     400040     102    4021     5210.      0.      1.      
                        0.      0.      0.      0.      0.      0.      
CBEAM     400041     102     521     5080.      0.      1.      
                        0.      0.      0.      0.      0.      0.      
CBEAM     400042     102     508     4950.      0.      1.      
                        0.      0.      0.      0.      0.      0.      
CBEAM     400043     102     495     4820.      0.      1.      
                        0.      0.      0.      0.      0.      0.      
CBEAM     400044     102     482     4690.      0.      1.      
                        0.      0.      0.      0.      0.      0.      
CBEAM     400045     102     469     4560.      0.      1.      
                        0.      0.      0.      0.      0.      0.      
CBEAM     400046     102     456     4430.      0.      1.      
                        0.      0.      0.      0.      0.      0.      
CBEAM     400047     102     443     4300.      0.      1.      
                        0.      0.      0.      0.      0.      0.      
CBEAM     400048     102     430     4170.      0.      1.      
                        0.      0.      0.      0.      0.      0.      
CBEAM     400049     102     417     4040.      0.      1.      
                        0.      0.      0.      0.      0.      0.      
CBEAM     400050     102     404     3910.      0.      1.      
                        0.      0.      0.      0.      0.      0.      
CBEAM     400051     102     391     3780.      0.      1.      
                        0.      0.      0.      0.      0.      0.      
CBEAM     400052     102     378     3650.      0.      1.      
                        0.      0.      0.      0.      0.      0.      
CBEAM     400053     102     365     3520.      0.      1.      
                        0.      0.      0.      0.      0.      0.      
CBEAM     400054     102     352     3390.      0.      1.      
                        0.      0.      0.      0.      0.      0.      
CBEAM     400055     102     339     3260.      0.      1.      
                        0.      0.      0.      0.      0.      0.      
CBEAM     400056     102     326     3130.      0.      1.      
                        0.      0.      0.      0.      0.      0.      
CBEAM     400057     102     313     3000.      0.      1.      
                        0.      0.      0.      0.      0.      0.      
CBEAM     400058     102     300     2870.      0.      1.      
                        0.      0.      0.      0.      0.      0.      
CBEAM     400059     102     287     2740.      0.      1.      
                        0.      0.      0.      0.      0.      0.      
CBEAM     400060     102     274     2610.      0.      1.      
                        0.      0.      0.      0.      0.      0.      
CBEAM     400061     102     261     5740.      0.      1.      
                        0.      0.      0.      0.      0.      0.      
CBEAM     400062     102     574     5950.      0.      1.      
                        0.      0.      0.      0.      0.      0.      
CBEAM     400063     102     595     6160.      0.      1.      
                        0.      0.      0.      0.      0.      0.      
CBEAM     400064     102     616     6370.      0.      1.      
                        0.      0.      0.      0.      0.      0.      
CBEAM     400065     102     637     6580.      0.      1.      
                        0.      0.      0.      0.      0.      0.      
CBEAM     400066     102     658     6790.      0.      1.      
                        0.      0.      0.      0.      0.      0.      
CBEAM     400067     102     679     7000.      0.      1.      
                        0.      0.      0.      0.      0.      0.      
CBEAM     400068     102     700     7210.      0.      1.      
                        0.      0.      0.      0.      0.      0.      
CBEAM     400069     102     721     7420.      0.      1.      
                        0.      0.      0.      0.      0.      0.      
CBEAM     400070     102     742     7630.      0.      1.      
                        0.      0.      0.      0.      0.      0.      
CBEAM     400071     102     763     7840.      0.      1.      
                        0.      0.      0.      0.      0.      0.      
CBEAM     400072     102     784     8050.      0.      1.      
                        0.      0.      0.      0.      0.      0.      
CBEAM     400073     102     805     8260.      0.      1.      
                        0.      0.      0.      0.      0.      0.      
CBEAM     400074     102     826     8470.      0.      1.      
                        0.      0.      0.      0.      0.      0.      
CBEAM     400075     102     847     8680.      0.      1.      
                        0.      0.      0.      0.      0.      0.      
CBEAM     400076     102     868     8890.      0.      1.      
                        0.      0.      0.      0.      0.      0.      
CBEAM     400077     102     889     9100.      0.      1.      
                        0.      0.      0.      0.      0.      0.      
CBEAM     400078     102     910     9300.      0.      1.      
                        0.      0.      0.      0.      0.      0.      
CBEAM     400079     102     930     9500.      0.      1.      
                        0.      0.      0.      0.      0.      0.      
CBEAM     400080     102     950     9530.      0.      1.      
                        0.      0.      0.      0.      0.      0.      
